16 27
8 21
5 5 5 5 5 5 5 5 5 5 5 5 5 5 5 5 5 5 5 5 5 5 5 5 5 5 5
5 0 0 0 0 0 1 0 0 0 0 0 1 0 0 0 5 5 5 5 5 5 5 5 5 5 5
5 0 1 1 1 0 1 0 1 1 0 1 1 0 1 0 5 5 5 5 5 5 5 5 5 5 5
5 0 0 0 0 0 1 0 1 0 0 0 0 0 1 0 5 5 5 5 5 5 5 5 5 5 5
5 1 0 1 1 1 1 0 1 1 0 1 1 0 1 0 5 0 0 0 0 0 0 0 0 0 5
5 1 0 0 0 0 0 0 0 1 0 1 1 0 1 1 5 0 0 0 0 0 0 0 0 0 5
5 1 1 1 1 1 1 1 1 1 1 0 0 0 0 0 5 0 0 0 0 0 0 0 0 0 5
5 0 0 0 1 0 0 0 0 0 1 1 0 1 1 1 5 0 0 0 0 0 0 0 0 0 5
5 0 1 0 0 0 0 0 0 0 0 0 0 1 0 0 2 0 0 0 0 0 0 0 0 0 5
5 0 1 0 1 0 0 0 0 0 1 1 1 1 0 1 5 0 0 0 0 0 0 0 0 0 5
5 0 1 1 1 1 1 1 1 1 1 0 1 0 0 1 5 0 0 0 0 0 0 0 0 0 5
5 0 0 0 1 0 0 0 0 0 1 0 1 1 0 1 5 0 0 0 0 0 0 0 0 0 5
5 1 1 0 1 1 1 0 1 0 0 0 1 0 0 0 5 0 0 0 0 0 0 0 0 0 5
5 0 1 0 0 0 1 0 1 0 1 1 1 0 1 0 5 5 5 5 5 5 5 5 5 5 5
5 0 0 0 1 0 0 0 1 0 0 0 0 0 1 0 5 5 5 5 5 5 5 5 5 5 5
5 5 5 5 5 5 5 5 5 5 5 5 5 5 5 5 5 5 5 5 5 5 5 5 5 5 5
1
12
1 11
3 9
4 15
5 8
5 10
6 11
6 15
9 3
10 11
13 1
14 15
8 7
5
7 7 2
9 7 0
8 21 1
6 21 0
4 21 0