49 65
39 1
5 5 5 5 5 5 5 5 5 5 5 5 5 5 5 5 5 5 5 5 5 5 5 5 5 5 5 5 5 5 5 5 5 5 5 5 5 5 5 5 5 5 5 5 5 5 5 5 5 5 5 5 5 5 5 5 5 5 5 5 5 5 5 5 5 
5 0 1 0 0 0 0 0 0 1 1 1 1 0 0 0 0 0 0 0 0 1 0 1 0 0 0 0 0 0 0 5 0 0 0 0 0 0 0 0 0 0 0 0 1 0 0 0 0 0 0 0 1 0 0 0 0 0 0 1 0 0 0 0 5 
5 0 1 0 1 1 0 1 0 0 0 0 1 0 1 1 1 1 1 1 0 1 0 1 1 1 0 1 1 1 0 5 0 1 1 1 1 1 1 1 1 1 1 0 1 0 1 1 1 1 1 0 1 0 0 1 1 1 0 1 0 0 0 0 5 
5 0 1 0 1 0 0 1 0 0 1 0 1 1 1 0 0 0 0 1 0 0 0 1 0 0 0 1 1 0 0 5 0 1 0 1 0 0 0 0 0 0 0 0 1 0 0 0 0 0 1 0 1 1 0 1 0 0 0 0 0 0 0 0 5 
5 0 0 0 1 0 1 1 0 0 1 0 0 0 0 0 1 0 0 1 0 1 0 0 0 1 0 1 0 0 0 5 0 1 0 1 0 0 1 1 1 1 1 1 1 0 1 0 1 1 1 0 0 1 0 1 0 1 0 1 0 0 0 0 5 
5 0 1 0 1 0 1 0 0 0 1 0 1 1 1 1 1 1 1 1 0 1 0 1 0 1 0 0 0 1 0 5 0 1 0 0 0 1 1 0 0 0 0 0 0 0 1 0 1 0 0 0 0 1 0 1 0 1 0 1 0 0 0 0 5 
5 0 1 1 1 0 1 1 1 0 1 0 0 0 0 0 0 0 0 0 0 0 0 1 0 1 1 1 0 1 0 5 0 1 1 0 1 1 0 0 1 0 0 1 1 1 1 0 1 1 1 1 0 0 0 1 0 1 0 1 1 1 1 1 5 
5 0 0 0 0 0 0 0 1 0 1 0 1 0 0 1 0 0 0 1 1 0 1 1 0 1 0 0 0 1 1 5 0 1 0 0 1 0 0 1 1 1 1 1 0 0 0 0 0 0 0 0 0 1 1 1 0 1 0 0 0 0 0 0 5 
5 0 1 1 0 1 1 1 1 0 1 0 1 1 0 1 1 1 0 0 1 0 0 0 0 1 1 1 0 0 0 2 0 1 0 0 0 0 0 0 1 0 0 1 0 1 0 1 1 1 1 0 1 1 0 0 0 1 0 1 1 1 1 1 5 
5 0 1 0 0 1 0 0 0 0 1 0 0 1 0 0 0 1 0 1 1 0 1 0 0 0 1 0 0 1 1 5 0 1 0 1 1 1 1 0 0 0 0 1 0 1 0 1 0 0 0 0 0 1 0 1 1 1 0 1 0 0 0 0 5 
5 0 1 0 1 1 0 1 0 0 1 0 0 1 1 1 1 1 0 1 0 0 1 1 0 0 1 0 0 1 0 5 0 1 0 0 0 0 1 1 1 0 1 1 0 1 0 1 0 1 1 1 1 1 0 1 0 0 0 1 0 1 1 0 5 
5 0 1 0 1 0 0 1 0 1 1 0 0 0 0 0 0 0 0 1 1 0 0 1 1 1 1 0 0 1 0 5 0 1 0 1 0 0 0 0 0 0 1 0 0 1 0 1 0 1 0 0 0 0 0 0 0 0 0 1 1 1 0 0 5 
5 0 1 0 1 1 1 1 1 1 0 0 5 5 5 5 5 5 5 5 5 0 1 1 0 0 0 0 1 1 0 5 0 1 0 1 1 1 1 1 1 1 1 0 1 1 1 1 0 1 1 0 1 1 1 1 1 1 1 0 0 0 0 0 5 
5 0 1 0 1 0 0 0 0 0 0 0 5 0 0 0 0 0 0 0 5 0 1 0 0 1 0 0 1 0 0 5 0 1 0 0 0 0 0 0 0 0 1 0 1 0 0 1 0 0 1 0 1 0 0 0 0 0 1 1 1 1 1 0 5 
5 1 1 0 1 0 1 1 1 0 1 0 5 0 0 0 0 0 0 0 5 0 1 0 0 1 1 1 1 0 1 5 0 1 1 1 1 1 0 1 1 1 1 0 1 0 1 1 1 1 1 0 1 0 1 1 1 0 0 0 0 0 0 0 5 
5 0 0 0 0 0 1 0 1 1 1 1 5 0 0 0 0 0 0 0 5 0 1 1 0 1 0 0 0 0 0 5 0 0 0 0 0 0 0 0 0 0 0 0 1 0 0 0 0 0 0 0 1 0 1 0 1 1 1 1 0 1 1 0 5 
5 0 1 1 1 1 1 0 0 0 0 0 3 0 0 0 0 0 0 0 5 0 0 1 0 1 0 1 1 0 1 5 5 5 5 5 5 5 5 5 5 5 5 5 5 5 5 5 1 1 0 1 1 0 1 0 0 0 0 1 0 1 0 0 5 
5 0 1 0 0 0 0 0 0 1 1 0 5 0 0 0 0 0 0 0 5 0 0 1 1 1 0 1 0 0 1 5 0 1 0 0 1 0 0 0 0 0 0 0 0 0 0 5 0 1 0 1 0 0 1 1 1 1 0 1 1 1 0 1 5 
5 0 1 1 1 0 1 1 0 1 0 0 5 0 0 0 0 0 0 0 5 0 0 0 0 0 0 1 0 1 0 5 0 1 1 0 1 1 1 0 1 0 1 1 1 1 0 5 0 1 0 1 0 0 0 0 0 0 0 0 0 0 0 1 5 
5 0 0 0 1 0 1 0 0 1 0 0 5 0 0 0 0 0 0 0 5 0 1 1 1 1 0 1 0 1 0 5 0 0 1 0 0 0 0 0 1 0 1 0 0 1 0 5 0 1 0 1 1 1 0 1 0 1 1 1 1 1 1 1 5 
5 0 1 0 1 1 1 0 0 1 0 0 5 5 5 5 5 5 5 5 5 0 1 0 0 0 0 1 0 1 0 5 0 1 1 0 1 1 1 1 1 0 0 0 0 1 0 5 0 1 0 0 0 1 0 1 0 0 0 0 0 0 0 0 5 
5 1 1 0 1 0 1 0 0 1 0 0 0 0 0 0 0 0 0 0 0 0 1 0 0 1 1 1 0 1 0 5 0 0 0 0 1 0 0 0 0 0 1 0 1 1 0 5 0 1 1 1 0 1 0 1 0 1 1 1 0 1 1 0 5 
5 0 1 0 1 0 1 1 0 1 1 1 1 1 1 1 1 1 0 1 1 1 1 0 1 1 0 0 0 1 0 5 1 1 0 1 1 0 1 1 1 0 1 0 1 0 0 5 0 0 0 0 0 1 0 1 0 1 0 1 1 1 0 0 5 
5 0 1 0 0 0 1 0 0 0 0 0 0 0 0 0 0 1 0 1 0 0 0 0 1 0 0 1 0 1 0 3 0 0 0 0 0 0 1 0 0 0 1 1 1 0 1 5 0 1 1 1 1 1 1 1 1 1 0 1 0 0 0 0 5 
5 0 1 1 1 0 1 1 1 1 1 1 1 0 1 0 0 1 0 0 0 0 1 1 1 0 1 1 0 0 0 5 0 1 1 1 0 0 1 0 1 0 0 1 0 0 0 5 0 0 0 0 0 0 0 0 0 0 0 1 0 0 1 0 5 
5 0 0 0 0 0 1 0 0 0 0 0 1 0 1 1 1 1 0 1 1 0 0 0 0 0 1 0 0 1 1 5 0 0 1 0 0 0 1 1 1 1 0 1 0 0 0 5 1 1 1 1 1 1 0 1 1 1 1 0 0 1 1 0 5 
5 0 1 1 1 0 1 0 1 0 1 0 1 0 0 0 1 0 0 0 1 1 1 1 1 0 1 1 0 0 0 5 1 0 1 0 1 0 0 0 1 0 0 1 0 0 0 5 0 0 0 0 0 1 0 1 0 0 0 0 1 1 1 0 5 
5 0 1 0 0 0 1 0 1 0 1 0 1 1 1 0 1 1 0 1 1 0 0 0 1 0 0 1 1 1 0 5 0 0 1 1 1 0 1 0 1 0 0 1 0 0 0 5 0 0 0 0 0 1 1 1 0 1 0 1 1 0 0 0 5 
5 0 1 1 0 1 1 0 1 0 1 0 0 0 1 0 0 0 0 0 0 0 1 0 1 1 0 0 0 0 0 5 0 1 1 0 0 0 1 0 1 1 0 1 0 0 0 5 0 0 0 0 0 0 0 1 0 1 0 0 1 0 1 1 5 
5 0 0 1 0 1 1 1 1 0 1 1 1 0 1 1 1 1 1 1 1 1 1 0 1 1 1 1 0 1 0 5 0 0 1 0 1 1 1 0 0 1 0 1 0 0 0 5 0 0 0 0 0 1 0 1 1 1 1 1 1 0 0 0 5 
5 0 0 1 0 0 0 0 0 0 0 0 1 0 0 0 0 0 0 0 0 0 0 0 1 0 0 0 0 1 0 5 0 1 1 0 0 0 1 1 1 1 0 1 0 0 0 5 0 0 0 0 0 1 0 0 0 0 0 0 0 0 0 0 5 
5 5 5 5 5 5 5 5 5 5 5 5 5 5 5 5 5 5 5 5 5 5 5 5 5 5 5 5 5 5 5 5 0 0 1 0 1 0 0 0 0 1 0 1 0 0 0 5 5 5 5 5 5 5 5 5 5 5 5 5 5 5 5 5 5 
5 0 0 0 0 0 0 0 0 0 0 0 0 0 0 0 0 0 0 0 0 5 0 0 1 0 0 0 0 0 0 1 0 0 1 0 1 1 1 0 0 1 1 1 0 0 0 1 0 0 0 0 0 0 0 1 0 1 0 0 1 0 0 0 5 
5 0 0 0 0 0 0 0 0 0 0 0 0 0 0 0 0 0 0 0 0 5 0 1 1 1 1 1 1 1 0 0 0 1 1 0 1 0 1 1 0 0 0 1 0 0 0 1 0 1 1 1 1 1 0 1 0 0 0 0 1 0 0 0 5 
5 0 0 0 0 0 0 0 0 0 0 0 0 0 0 0 0 0 0 0 0 5 0 1 0 0 0 0 0 1 1 1 0 0 0 0 0 0 1 0 0 1 0 1 0 0 0 1 0 0 0 0 1 0 0 1 0 1 0 0 1 0 0 0 5 
5 0 0 0 0 1 1 0 0 0 0 0 0 0 0 0 1 1 0 0 0 5 0 1 1 1 1 1 0 0 0 1 1 1 1 1 1 1 1 1 1 1 1 1 0 0 0 1 1 1 0 1 1 1 1 1 0 1 0 1 1 1 0 1 5 
5 0 0 0 0 1 1 0 0 0 0 0 0 0 0 0 1 1 0 0 0 5 0 0 0 0 0 0 0 1 0 0 0 0 0 0 1 0 0 0 0 0 0 0 0 0 0 1 0 1 0 0 0 0 0 1 0 1 0 0 0 1 0 1 5 
5 0 0 0 0 0 0 0 0 0 0 0 0 0 0 0 0 0 0 0 0 5 1 1 1 1 1 1 1 1 1 1 1 0 0 0 0 0 0 0 0 0 0 0 0 0 0 1 0 1 1 1 1 1 0 1 0 1 0 1 0 1 0 0 5 
5 0 0 0 0 0 0 0 0 0 0 0 0 0 0 0 0 0 0 0 0 5 0 0 0 0 0 0 0 0 0 0 1 0 1 1 1 0 0 0 0 0 0 0 0 0 0 1 0 0 0 0 0 1 0 1 0 1 0 1 1 1 1 0 5 
5 0 0 0 0 0 0 0 0 0 0 0 0 0 0 0 0 0 0 0 0 5 1 1 0 1 1 0 1 1 1 1 1 0 1 0 1 1 1 1 1 1 1 1 0 0 0 1 0 1 1 1 0 1 0 1 1 1 0 0 0 0 1 0 5 
5 0 0 0 0 0 0 0 0 0 0 0 0 0 0 0 0 0 0 0 0 4 0 1 0 1 0 0 1 0 0 0 0 0 1 0 0 0 0 0 0 1 0 1 0 0 0 1 0 1 0 0 0 0 0 0 1 1 1 0 1 1 1 0 5 
5 0 0 0 0 0 0 0 0 0 0 0 0 0 0 0 0 0 0 0 0 5 0 1 0 1 0 1 1 0 1 1 1 0 1 0 0 1 0 1 0 1 0 1 0 0 0 1 0 1 1 0 1 1 1 0 0 0 1 1 1 0 0 0 5 
5 0 0 0 0 1 1 0 0 0 0 0 0 0 0 0 1 1 0 0 0 5 0 1 0 0 0 0 0 0 1 0 1 0 1 1 1 1 0 1 0 0 0 1 0 0 0 1 0 0 1 0 1 0 1 1 0 0 0 0 0 0 1 0 5 
5 0 0 0 0 1 1 0 0 0 0 0 0 0 0 0 1 1 0 0 0 5 0 1 1 1 1 1 1 1 1 0 1 0 0 0 0 0 0 1 1 1 0 1 0 0 0 1 0 1 1 0 1 0 0 1 1 1 1 0 0 1 1 0 5 
5 0 0 0 0 0 0 0 0 0 0 0 0 0 0 0 0 0 0 0 0 5 0 0 0 0 0 0 0 0 0 0 1 0 1 1 1 0 0 0 1 0 0 1 1 0 1 1 0 1 0 0 1 1 0 0 1 0 1 0 1 1 0 0 5 
5 0 0 0 0 0 0 0 0 0 0 0 0 0 0 0 0 0 0 0 0 5 1 0 1 1 1 0 1 0 0 0 1 0 1 0 1 1 1 0 1 1 0 1 0 0 1 0 0 1 0 0 0 1 0 0 1 0 1 0 0 0 0 1 5 
5 0 0 0 0 0 0 0 0 0 0 0 0 0 0 0 0 0 0 0 0 5 1 0 1 0 0 0 1 1 1 1 1 0 1 0 1 0 1 1 1 0 0 1 0 1 1 1 1 1 0 1 1 1 0 1 1 0 1 1 1 1 0 1 5 
5 0 0 0 0 0 0 0 0 0 0 0 0 0 0 0 0 0 0 0 0 5 0 0 1 0 1 0 0 0 0 0 0 0 0 0 1 0 0 0 0 0 0 1 0 0 0 0 0 0 0 0 0 0 0 1 0 0 0 0 0 0 0 0 5 
5 5 5 5 5 5 5 5 5 5 5 5 5 5 5 5 5 5 5 5 5 5 5 5 5 5 5 5 5 5 5 5 5 5 5 5 5 5 5 5 5 5 5 5 5 5 5 5 5 5 5 5 5 5 5 5 5 5 5 5 5 5 5 5 5 
3
36
1 22
2 12
5 3
5 7
6 30
7 8
8 19
9 16
10 20
10 30
11 5
11 8
11 22
13 1
14 9
14 11
15 7
15 30
16 24
17 3
18 30
19 5
20 1
21 5
22 1
23 7
25 27
26 17
26 19
27 3
28 7
30 31
30 25
30 30
16 16
18 16
22
3 34
3 49
5 49
9 52
10 60
11 50
12 59
13 41
13 46
13 49
15 55
16 60
17 48
21 60
22 54
22 56
22 58
26 54
28 56
28 59
4 63
29 48
37
17 32
17 34
17 37
19 33
22 43
24 39
26 35
29 53
29 40
31 42
32 23
32 25
32 56
33 37
34 24
34 39
34 42
34 53
36 48
37 60
38 31
39 35
40 42
40 59
42 31
42 49
42 53
44 41
45 35
45 39
46 37
47 22
47 25
47 56
47 63
33 62
32 46
17
15 16 0
17 16 1
19 16 0
32 45 2
28 45 0
38 45 2
43 45 1
38 40 0
39 11 0
41 11 1
37 11 1
39 9 2
39 13 2
41 9 0
41 13 0
39 11 1
39 37 2