43 33
41 6
5 5 5 5 5 5 5 5 5 5 5 5 5 5 5 5 5 5 5 5 5 5 5 5 5 5 5 5 5 5 5 5 5
5 0 0 0 1 0 0 0 0 0 0 0 5 0 0 0 0 0 0 0 5 0 0 0 0 0 0 0 0 0 0 0 5 
5 1 1 0 1 0 1 1 0 1 1 0 5 0 0 0 0 0 0 0 5 0 1 1 1 1 0 1 0 1 0 0 5 
5 0 0 0 1 0 1 1 0 0 1 0 2 0 0 0 0 0 0 0 0 0 1 0 0 1 1 1 0 1 1 0 5 
5 0 1 1 1 0 0 1 0 0 1 0 5 0 0 0 0 0 0 0 5 0 1 1 0 0 0 0 0 0 1 0 5 
5 0 1 0 1 1 0 1 0 0 1 0 5 0 0 0 0 0 0 0 5 0 0 1 1 1 1 1 0 0 1 0 5 
5 0 1 0 0 1 0 1 0 1 1 0 5 5 5 5 5 5 5 5 5 0 0 0 0 0 0 0 0 1 1 0 5 
5 0 1 1 0 1 0 1 0 1 0 0 0 0 1 0 5 0 0 0 0 0 1 0 1 1 1 0 0 0 0 0 5 
5 0 0 0 0 1 0 1 0 0 0 1 1 1 1 0 5 0 1 1 1 1 1 0 1 0 1 1 0 1 1 0 5 
5 0 1 1 0 1 0 1 1 1 0 0 0 0 0 0 5 0 1 0 0 0 0 0 0 0 0 0 0 0 1 0 5 
5 0 1 0 0 0 0 0 0 1 0 0 1 0 1 0 5 0 1 0 1 1 1 0 1 1 1 1 0 0 1 0 5 
5 0 1 0 1 1 0 1 1 1 0 1 1 0 1 1 5 0 1 1 1 0 1 0 1 0 0 1 1 1 1 1 5 
5 0 1 0 1 0 0 1 0 1 0 1 1 0 1 0 5 0 0 0 0 0 1 0 0 0 0 0 0 0 0 0 5 
5 0 0 0 1 0 1 1 0 0 0 1 0 0 1 0 5 0 0 1 1 1 1 0 1 1 0 1 1 1 1 0 5 
5 1 1 1 1 0 1 0 1 1 1 1 0 1 1 0 5 1 0 1 0 0 0 0 0 1 1 1 0 0 1 0 5 
5 0 0 0 0 0 1 0 0 0 0 0 0 0 0 0 5 0 0 0 0 0 0 0 0 0 0 0 0 0 1 0 5 
5 0 1 1 1 0 1 1 1 1 0 0 5 5 5 5 5 5 5 5 5 0 1 1 1 1 0 1 1 1 1 1 5 
5 0 0 0 1 0 0 0 0 1 0 0 5 0 0 0 0 0 0 0 5 0 1 0 0 1 0 1 0 0 0 0 5 
5 0 1 1 1 1 1 1 0 1 0 0 5 0 0 0 0 0 0 0 5 0 1 0 1 1 0 1 1 1 1 0 5 
5 0 1 0 0 0 0 0 0 1 1 0 2 0 0 0 0 0 0 0 5 0 1 0 1 0 0 1 0 0 1 0 5 
5 0 1 1 1 1 1 1 1 1 0 0 5 0 0 0 0 0 0 0 5 0 1 0 1 1 1 1 0 1 1 0 5 
5 0 0 0 0 0 0 0 0 0 0 0 5 0 0 0 0 0 0 0 1 0 0 0 0 0 0 0 0 0 0 0 5 
5 5 5 5 5 5 5 5 5 5 5 5 5 5 5 5 5 5 5 5 5 5 5 5 5 5 5 5 5 5 3 5 5
5 5 5 5 5 5 5 5 5 5 5 5 5 0 0 0 0 0 0 0 0 0 0 0 0 0 0 0 0 0 0 0 5 
5 0 0 0 0 0 0 0 0 0 0 0 5 0 1 1 1 1 1 1 1 1 1 1 1 1 1 1 1 1 1 1 5 
5 0 0 0 0 0 0 0 0 0 0 0 5 0 1 0 0 0 0 0 0 0 0 1 0 0 1 0 0 0 0 0 5 
5 0 0 0 0 0 0 0 0 0 0 0 5 0 1 1 1 1 0 1 1 1 0 1 0 1 1 0 1 1 1 0 5 
5 0 0 0 5 0 0 0 5 0 0 0 5 0 0 0 0 1 0 1 0 0 0 1 0 0 0 0 1 0 1 0 5 
5 0 0 0 5 0 0 0 5 0 0 0 5 0 1 1 1 1 0 1 1 1 0 0 0 1 1 1 1 0 1 0 5 
5 0 0 0 5 0 0 0 5 0 0 0 5 0 0 0 0 0 0 0 0 1 0 1 1 1 0 0 0 0 0 0 5 
5 0 0 0 5 0 0 0 5 0 0 0 5 1 1 1 1 1 1 1 1 1 1 1 1 1 1 1 0 1 1 1 5 
5 0 0 0 0 0 0 0 0 0 0 0 5 0 0 0 0 0 0 0 0 0 1 0 0 0 0 0 0 0 0 0 5 
5 0 0 0 0 0 0 0 0 0 0 0 4 0 0 0 0 0 0 0 0 0 1 0 0 0 0 0 0 0 0 0 5 
5 0 0 0 0 0 0 0 0 0 0 0 5 0 0 0 0 0 0 0 0 0 1 0 0 0 0 0 0 0 0 0 5 
5 0 0 0 5 0 0 0 5 0 0 0 5 1 1 0 1 1 1 1 1 1 1 1 1 0 1 1 1 1 1 1 5 
5 0 0 0 5 0 0 0 5 0 0 0 5 0 0 0 1 0 0 0 0 0 0 0 1 0 1 0 0 0 0 0 5 
5 0 0 0 5 0 0 0 5 0 0 0 5 1 1 0 1 1 0 1 0 1 1 1 1 0 1 1 1 0 1 0 5 
5 0 0 0 5 0 0 0 5 0 0 0 5 1 0 0 0 1 0 1 0 1 0 0 0 0 0 0 0 0 1 0 5 
5 0 0 0 0 0 0 0 0 0 0 0 5 0 0 1 1 1 0 1 0 1 1 1 1 0 1 0 1 1 1 1 5 
5 0 0 0 0 0 0 0 0 0 0 0 5 0 0 1 0 0 0 1 0 0 0 0 1 0 1 0 0 0 1 0 5 
5 0 0 0 0 0 0 0 0 0 0 0 5 0 1 1 0 1 1 1 0 1 1 1 1 0 1 1 1 0 1 0 5 
5 0 0 0 0 0 0 0 0 0 0 0 5 0 0 0 0 1 0 0 0 0 0 0 0 0 1 0 0 0 0 0 5 
5 5 5 5 5 5 5 5 5 5 5 5 5 5 5 5 5 5 5 5 5 5 5 5 5 5 5 5 5 5 5 5 5
3
9
6 3
8 15
11 8
11 15
13 8
13 15
15 7
18 3
20 3
15
19 16
21 16
2 26
4 23
9 25
11 19
11 31
12 21
16 31
18 24
18 28
20 25
20 29
3 16
5 16
18
26 15
26 25
28 26
28 20
28 29
30 20
30 22
30 26
36 13
36 27
38 22
38 31
40 23
40 31
42 18
42 27
33 23
33 21
9
18 16 0
22 16 1
2 16 0
6 16 1
33 27 2
33 17 2
33 6 1
27 4 1
27 8 1
39 4 1
39 8 1