23 35
6 28
5 5 5 5 5 5 5 5 5 5 5 5 5 5 5 5 5 5 5 5 5 5 5 5 5 5 5 5 5 5 5 5 5 5 5 
5 0 0 0 0 0 0 0 0 0 1 0 0 0 0 0 0 0 1 0 0 0 5 0 0 0 0 0 0 0 0 0 0 0 5 
5 1 1 1 1 1 1 1 0 1 1 0 1 1 1 1 1 1 1 0 1 0 5 0 0 0 0 0 0 0 0 0 0 0 5 
5 0 0 0 0 0 1 0 0 0 1 0 0 0 0 1 0 0 0 0 1 0 5 0 0 0 0 0 0 0 0 0 0 0 5 
5 0 1 0 1 0 1 0 0 0 1 0 1 1 1 1 1 0 1 1 1 0 5 0 0 0 0 0 0 0 0 0 0 0 5 
5 0 0 0 1 0 1 0 0 0 1 0 1 0 0 0 1 0 1 0 1 1 5 0 0 0 0 0 0 0 0 0 0 0 5 
5 0 1 1 1 0 1 0 0 0 1 0 1 1 1 0 0 0 1 0 1 0 2 0 0 0 0 0 0 0 0 0 0 0 5 
5 0 1 0 0 0 1 0 0 0 1 0 0 0 1 0 1 0 1 0 0 0 5 0 0 0 0 0 0 0 0 0 0 0 5 
5 0 0 1 0 1 1 0 0 0 1 1 1 0 1 0 1 0 1 1 1 0 5 0 0 0 0 0 0 0 0 0 0 0 5 
5 1 0 1 0 1 1 0 0 0 0 0 1 0 1 0 1 0 0 0 1 0 5 0 0 0 0 0 0 0 0 0 0 0 5 
5 0 0 1 0 0 1 0 0 0 1 0 1 0 1 0 0 1 0 0 1 0 5 0 0 0 0 0 0 0 0 0 0 0 5 
5 0 1 1 1 0 1 0 0 0 1 0 1 0 1 1 0 1 1 0 0 0 5 0 0 0 0 0 0 0 0 0 0 0 5 
5 0 1 0 1 0 1 0 0 0 1 0 1 0 1 0 0 1 0 0 1 0 5 5 5 5 5 5 5 5 5 5 5 5 5
5 0 1 0 1 0 1 0 0 0 1 0 0 0 1 0 1 1 1 1 1 0 5 5 5 5 5 5 5 5 5 5 5 5 5
5 0 1 0 1 0 0 0 0 0 1 0 1 1 1 0 1 0 0 0 1 0 5 5 5 5 5 5 5 5 5 5 5 5 5
5 0 1 0 1 1 1 0 0 0 1 0 1 0 1 0 0 0 1 1 1 0 5 5 5 5 5 5 5 5 5 5 5 5 5
5 0 0 0 1 0 1 0 0 0 1 1 1 0 1 0 1 1 1 0 1 0 5 5 5 5 5 5 5 5 5 5 5 5 5
5 0 1 1 1 0 1 0 0 0 0 0 0 0 0 0 0 1 0 0 0 0 5 5 5 5 5 5 5 5 5 5 5 5 5
5 0 0 0 0 0 1 0 0 0 1 1 0 1 1 1 0 1 1 1 1 1 5 5 5 5 5 5 5 5 5 5 5 5 5
5 1 1 1 0 1 1 0 0 0 1 0 0 1 0 0 0 1 1 0 0 0 5 5 5 5 5 5 5 5 5 5 5 5 5 
5 0 0 1 0 0 1 1 0 1 1 0 1 0 0 1 1 0 2 0 0 0 5 5 5 5 5 5 5 5 5 5 5 5 5
5 0 0 0 0 0 0 0 0 0 0 0 1 0 0 0 0 0 1 0 0 0 5 5 5 5 5 5 5 5 5 5 5 5 5 
5 5 5 5 5 5 5 5 5 5 5 5 5 5 5 5 5 5 5 5 5 5 5 5 5 5 5 5 5 5 5 5 5 5 5 
1
17
1 9
1 17
3 14
3 16
4 21
5 13
5 19
12 3
12 18
14 19
15 11
15 13
16 5
16 19
17 18
10 7
20 21
7
5 8 2
10 8 0
15 8 2
5 27 1
5 29 0
7 27 1
7 29 2